station,start_count,end_count,total_count
"Hyde Park Corner, Hyde Park",658129,655670,1313799
"Belgrove Street , King's Cross",579703,571662,1151365
"Waterloo Station 3, Waterloo",512990,492656,1005646
"Albert Gate, Hyde Park",451863,454096,905959
"Black Lion Gate, Kensington Gardens",451696,442809,894505
"Hop Exchange, The Borough",374920,502401,877321
"Waterloo Station 1, Waterloo",407848,390908,798756
"Wellington Arch, Hyde Park",386105,379828,765933
"Wormwood Street, Liverpool Street",342606,359152,701758
"Triangle Car Park, Hyde Park",348269,343630,691899
"Brushfield Street, Liverpool Street",314535,366726,681261
"Duke Street Hill, London Bridge",324757,337085,661842
"Bethnal Green Road, Shoreditch",309839,311678,621517
"Aquatic Centre, Queen Elizabeth Olympic Park",298695,300149,598844
"Storey's Gate, Westminster",285389,311046,596435
"Craven Street, Strand",286248,298615,584863
"Soho Square , Soho",260994,302789,563783
"Tooley Street, Bermondsey",261688,290142,551830
"Park Lane , Hyde Park",276216,274966,551182
"Serpentine Car Park, Hyde Park",274323,273923,548246
"Palace Gate, Kensington Gardens",271603,271190,542793
"Finsbury Circus, Liverpool Street",257024,283244,540268
"Cheapside, Bank",260835,275040,535875
"Tower Gardens , Tower",259483,276381,535864
"Queen Street 1, Bank",255838,279266,535104
"Whitehall Place, Strand",251954,278186,530140
"Holborn Circus, Holborn",219536,298444,517980
"Green Park Station, Mayfair",246750,270836,517586
"Exhibition Road, Knightsbridge",245824,268395,514219
"Crosswall, Tower",245039,259734,504773
"Regent's Row , Haggerston ",204338,297377,501715
"Newgate Street , St. Paul's",228433,270861,499294
"St. James's Square, St. James's",213229,281310,494539
"Little Argyll Street, West End",234696,254463,489159
"Shoreditch High Street, Shoreditch",239883,237668,477551
"South Kensington Station, South Kensington",231939,239172,471111
"Vauxhall Cross, Vauxhall",235339,235108,470447
"Great Tower Street, Monument",225615,243790,469405
"Old Street Station, St. Luke's",230019,237309,467328
"Kennington Lane Rail Bridge, Vauxhall",230262,232797,463059
"Queen's Gate, Kensington Gardens",228132,228151,456283
"Islington Green, Angel",232806,222805,455611
"William IV Street, Strand",204712,249766,454478
"Bayswater Road, Hyde Park",226598,218014,444612
"Fulham Broadway, Walham Green",213871,215973,429844
"Queen Street 2, Bank",194365,235343,429708
"Baylis Road, Waterloo",207099,215597,422696
"Waterloo Station 2, Waterloo",243259,175395,418654
"Derry Street, Kensington",200264,208081,408345
"Drury Lane, Covent Garden",199457,208111,407568
"Somerset House, Strand",193374,212729,406103
"Moor Street, Soho",195593,206374,401967
"Regent's Row , Haggerston",98790,297377,396167
"Moorfields, Moorgate",188383,207020,395403
"Eagle Wharf Road, Hoxton",215140,173774,388914
"Limerston Street, West Chelsea",190517,197714,388231
"Wardour Street, Soho",188578,199248,387826
"Leonard Circus , Shoreditch",188090,199296,387386
"Jubilee Gardens, South Bank",179733,206346,386079
"Gloucester Road Station, South Kensington",192312,192980,385292
"Leman Street, Aldgate",193977,190133,384110
"Nesham Street, Wapping",191002,190101,381103
"Queen's Circus, Battersea Park",192149,188477,380626
"Old Quebec Street, Marylebone",184460,186644,371104
"Dunston Road , Haggerston",191032,179085,370117
"Warren Street Station, Euston",186467,181440,367907
"Bankside Mix, Bankside",170601,197043,367644
"Malet Street, Bloomsbury",182335,184297,366632
"Eccleston Place, Victoria",181173,181924,363097
"Finsbury Leisure Centre, St. Luke's",183399,178193,361592
"Aldersgate Street, Barbican",177026,183675,360701
"Pall Mall East, West End",167423,192636,360059
"Notting Hill Gate Station, Notting Hill",190611,168130,358741
"Ethelburga Estate, Battersea Park",179826,176637,356463
"Wellington Street , Strand",172056,183430,355486
"Ashley Place, Victoria",171347,179411,350758
"Bermondsey Street, Bermondsey",177542,172027,349569
"Bank of England Museum, Bank",168253,180147,348400
"Royal London Hospital, Whitechapel",172044,171517,343561
"Berry Street, Clerkenwell",167683,173894,341577
"Hatton Wall, Holborn",168577,171979,340556
"Flood Street, Chelsea",168793,171315,340108
"Sedding Street, Sloane Square",161848,174248,336096
"Curlew Street, Shad Thames",168023,167779,335802
"Westminster Pier, Westminster",139782,194022,333804
"Godliman Street, St. Paul's",158920,174839,333759
"Red Lion Street, Holborn",168419,164168,332587
"Great Marlborough Street, Soho",156195,172951,329146
"Panton Street, West End",158556,170182,328738
"Bunhill Row, Moorgate",151452,172341,323793
"Northumberland Avenue, Strand",147225,172586,319811
"Tavistock Street, Covent Garden",145263,173788,319051
"Bath Street, St. Luke's",156984,159061,316045
"Braham Street, Aldgate",155563,157853,313416
"Flamborough Street, Limehouse",156669,154960,311629
"Clerkenwell Green, Clerkenwell",153082,158182,311264
"West Smithfield Rotunda, Farringdon",152120,157837,309957
"Falcon Road, Clapham Junction",153102,155599,308701
"South Wharf Road, Paddington",158669,149004,307673
"Howick Place, Westminster",141703,165909,307612
"British Museum, Bloomsbury",153186,152953,306139
"Monument Street, Monument",148601,157121,305722
"Lambeth Palace Road, Waterloo",148843,153702,302545
"Endsleigh Gardens, Euston",155846,146262,302108
"Wright's Lane, Kensington",146645,155261,301906
"Green Street, Mayfair",150598,149828,300426
"Queen Victoria Street, St. Paul's",144332,155920,300252
"Southampton Street, Strand",144131,154464,298595
"St. Bride Street, Holborn",135391,162708,298099
"Imperial College, Knightsbridge",144148,153147,297295
"Tanner Street, Bermondsey",143216,150790,294006
"Bayley Street , Bloomsbury",143839,150095,293934
"Westbridge Road, Battersea",148433,145283,293716
"Marylebone Lane, Marylebone",143504,149523,293027
"Abingdon Green, Westminster",131121,161190,292311
"Milroy Walk, South Bank",145555,146610,292165
"Pritchard's Road, Bethnal Green",150183,141884,292067
"Winsland Street, Paddington",120456,171400,291856
"Elizabeth Bridge, Victoria",140676,150812,291488
"Park Road (Baker Street), The Regent's Park",144632,146746,291378
"Queen Street, Bank",11328,279266,290594
"Tysoe Street, Clerkenwell",145263,144230,289493
"Battersea Power Station, Battersea Park",146978,141104,288082
"Graham Street, Angel",155660,131612,287272
"Drayton Gardens, West Chelsea",140034,146295,286329
"Sloane Avenue, Knightsbridge",141507,144227,285734
"Fournier Street, Whitechapel",140914,143652,284566
"Kennington Cross, Kennington",144809,136911,281720
"Green Park Station, West End",8850,270836,279686
"Waterloo Place, St. James's",135275,144090,279365
"Cleveland Way, Stepney",138923,140103,279026
"Liverpool Road (N1 Centre), Angel",141795,136577,278372
"Boston Place, Marylebone",152690,125270,277960
"Podium, Queen Elizabeth Olympic Park",137794,139929,277723
"Porchester Place, Paddington",141229,135274,276503
"Castlehaven Road, Camden Town",139783,136462,276245
"Hinde Street, Marylebone",133209,141878,275087
"Wells Street, Fitzrovia",134184,140120,274304
"Montpelier Street, Knightsbridge",134213,139537,273750
"Westferry DLR, Limehouse",130949,142760,273709
"Binfield Road, Stockwell",135808,137705,273513
"Frith Street, Soho",131517,141218,272735
"Victoria Park Road, Hackney Central",136333,133577,269910
"Stepney Green Station, Stepney",135590,133885,269475
"All Saints Church, Portobello",135734,133629,269363
"Buckingham Gate, Westminster",128135,140795,268930
"Exhibition Road Museums, Knightsbridge",266,268395,268661
"Allington Street, Victoria",121422,147177,268599
"Exhibition Road, South Kensington",133,268395,268528
"Greenland Road, Camden Town",131835,136133,267968
"Golden Square, Soho",129193,137740,266933
"Bramham Gardens, Earl's Court",137902,128445,266347
"Museum of London, Barbican",132981,133337,266318
"Queen Mother Sports Centre, Victoria",128589,137334,265923
"Parsons Green Station, Parsons Green",134835,130491,265326
"Bricklayers Arms, Borough",135764,129240,265004
"Granby Street, Shoreditch",137347,126719,264066
"Russell Square Station, Bloomsbury",132894,130707,263601
"Belgrave Road, Victoria",132805,130635,263440
"Bolsover Street, Fitzrovia",133084,128798,261882
"Warwick Avenue Station, Maida Vale",133636,128120,261756
"New Inn Yard, Shoreditch",129094,132337,261431
"Doric Way , Somers Town",140332,120347,260679
"Bonny Street, Camden Town",132427,127311,259738
"Devonshire Terrace, Bayswater",135556,123875,259431
"Howland Street, Fitzrovia",127647,131774,259421
"Woodstock Grove, Shepherd's Bush",128146,130389,258535
"Phillimore Gardens, Kensington",125904,132586,258490
"Abbey Orchard Street, Westminster",117847,140640,258487
"Good's Way, King's Cross",129405,129051,258456
"Guilford Street , Bloomsbury",129146,128642,257788
"Hampstead Road, Euston",139696,117915,257611
"Parson's Green , Parson's Green",129090,127011,256101
"Finsbury Square , Moorgate",120865,134489,255354
"Erin Close, Walham Green",126148,128343,254491
"Stephendale Road, Sands End",127669,125183,252852
"Tallis Street, Temple",120275,132269,252544
"Belvedere Road 1, South Bank",95467,156929,252396
"Wren Street, Holborn",131381,120730,252111
"Theobald's Road , Holborn",124367,127270,251637
"Strata, Elephant & Castle",124418,127018,251436
"Shoreditch Park, Hoxton",136071,115002,251073
"Albert Bridge Road, Battersea Park",127558,123512,251070
"Imperial Wharf Station, Sands End",120207,130380,250587
"Riverlight North, Nine Elms",126439,123307,249746
"Page Street, Westminster",119995,128400,248395
"Bouverie Street, Temple",118930,129132,248062
"Pott Street, Bethnal Green",125285,122624,247909
"Cadogan Gardens, Chelsea",118641,129022,247663
"Shadwell Station, Shadwell",128780,118762,247542
"Cadogan Close, Victoria Park",123953,123560,247513
"New Road 1 , Whitechapel",123804,123406,247210
"Brick Lane Market, Shoreditch",123890,122663,246553
"One Tower Bridge, Bermondsey",52400,194022,246422
"Haggerston Road, Haggerston",123799,122476,246275
"Pitfield Street North,Hoxton",128255,116611,244866
"Millbank Tower, Pimlico",119939,124355,244294
"Seville Street, Knightsbridge",120673,123338,244011
"Exhibition Road Museums, South Kensington",102194,140809,243003
"Hatton Garden, Holborn",125374,117166,242540
"Stamford Street, South Bank",111946,128790,240736
"St. George's Square, Pimlico",124053,116203,240256
"Northington Street , Holborn",119629,119976,239605
"Alderney Street, Pimlico",123470,115161,238631
"Earnshaw Street , Covent Garden",116703,121013,237716
"Bishop's Bridge Road West, Bayswater",121201,115410,236611
"Rampayne Street, Pimlico",120874,115732,236606
"The Vale, Chelsea",106220,129856,236076
"Dorset Square, Marylebone",117830,117696,235526
"Broadwick Street, Soho",115212,119984,235196
"Southwark Station 2, Southwark",119763,115247,235010
"Broadcasting House, Marylebone",115702,119223,234925
"Great Russell Street, Bloomsbury",116129,118792,234921
"Snowsfields, London Bridge",113034,121581,234615
"New Fetter Lane, Holborn",120801,113667,234468
"Sutton Street, Shadwell",121857,112280,234137
"Kensington Church Street, Kensington",117252,116851,234103
"Normand Park, West Kensington",116118,117669,233787
"York Hall, Bethnal Green",118579,115146,233725
"The Green Bridge, Mile End",93257,138857,232114
"Vicarage Crescent, Battersea",118024,113813,231837
"Natural History Museum, South Kensington",113825,117828,231653
"Chapel Place, Marylebone",111800,119286,231086
"Harriet Street, Knightsbridge",112542,118432,230974
"Sadlers Sports Centre, Finsbury",117280,113614,230894
"Crisp Road, Hammersmith",113897,116614,230511
"Fire Brigade Pier, Vauxhall",122633,106660,229293
"Norton Folgate, Liverpool Street",109699,119315,229014
"Palace Gardens Terrace, Notting Hill",123210,105550,228760
"Lancaster Gate , Bayswater",127663,100933,228596
"Columbia Road, Shoreditch",117227,110427,227654
"St Mary's Hospital, Paddington",55636,171400,227036
"Jubilee Plaza, Canary Wharf",111863,114448,226311
"Sackville Street, Mayfair",109282,116563,225845
"Watney Street, Shadwell",117628,107832,225460
"Jewry Street, Aldgate",111035,114307,225342
"Tate Modern, Bankside",110170,114695,224865
"Charles II Street, West End",106258,118285,224543
"Goldsmith's Row, Haggerston",115939,108261,224200
"Chadwell Street, Angel",119363,104284,223647
"Wenlock Road , Hoxton",123430,100118,223548
"Old Brompton Road, South Kensington",114649,108500,223149
"Turquoise Island, Notting Hill",113505,109273,222778
"Snow Hill, Farringdon",111020,111567,222587
"Gloucester Street, Pimlico",116959,104722,221681
"Southampton Place, Holborn",109089,112523,221612
"Horseferry Road, Westminster",107410,113956,221366
"Crawford Street, Marylebone",112157,109028,221185
"New Cavendish Street, Marylebone",108958,112039,220997
"Ontario Street, Elephant & Castle",109528,110653,220181
"Eastbourne Mews, Paddington",118359,101700,220059
"The Tennis Courts, The Regent's Park",108849,111193,220042
"Empire Square, The Borough",108259,111358,219617
"Poured Lines, Bankside",107214,112254,219468
"George Street, Marylebone",106003,113173,219176
"Wapping Lane, Wapping",110350,108672,219022
"Penywern Road, Earl's Court",111915,107011,218926
"Gloucester Road (North), Kensington",109158,109765,218923
"Central House, Aldgate",107520,110579,218099
"LMU Commercial Road, Whitechapel",111367,106714,218081
"North Audley Street, Mayfair",106938,110425,217363
"Royal Avenue 2, Chelsea",106969,110092,217061
"Twig Folly Bridge, Mile End",112670,104333,217003
"New Globe Walk, Bankside",108017,108617,216634
"Prince Albert Road, The Regent's Park",109042,107103,216145
"Brunswick Square, Bloomsbury",109422,106456,215878
"Queen's Gate (North), Kensington",108079,107220,215299
"Sopwith Way, Battersea Park",107765,107481,215246
"De Vere Gardens, Kensington",114141,100458,214599
"Great Titchfield Street, Fitzrovia",106409,107921,214330
"Grosvenor Square, Mayfair",100700,112940,213640
"Baldwin Street, St. Luke's",107430,106121,213551
"Barons Court Station, West Kensington",109140,103471,212611
"Ada Street, Hackney Central",103963,108087,212050
"St. Mary Axe, Aldgate",104291,107523,211814
"Strand, Strand",101359,109697,211056
"Westferry Circus, Canary Wharf",103676,107074,210750
"Walworth Road, Elephant & Castle",90851,119722,210573
"Holy Trinity Brompton, Knightsbridge",100554,109811,210365
"Embankment (Savoy), Strand",99626,110311,209937
"Coomer Place, West Kensington",105451,104408,209859
"Ansell House, Stepney",106796,103014,209810
"Cartwright Gardens , Bloomsbury",109590,99504,209094
"Hertford Road, De Beauvoir Town",110844,98004,208848
"Tachbrook Street, Victoria",105402,103388,208790
"Queensway, Kensington Gardens",74244,134501,208745
"Sun Street, Liverpool Street",73441,135274,208715
"Hammersmith Road, Hammersmith",104127,104290,208417
"St. Peter's Terrace, Fulham",105863,101889,207752
"Smith Square, Westminster",98821,108830,207651
"Christopher Street, Liverpool Street",97282,109692,206974
"Bell Lane, Liverpool Street",101878,104945,206823
"Phene Street, Chelsea",104772,101724,206496
"Ilchester Gardens, Bayswater",107905,98181,206086
"Portland Place, Marylebone",103276,102648,205924
"Birkenhead Street, King's Cross",101660,103634,205294
"South Lambeth Road, Vauxhall",103535,101588,205123
"Fanshaw Street, Hoxton",108651,95791,204442
"Golden Lane, Barbican",100841,103002,203843
"Taviton Street, Bloomsbury",103780,99784,203564
"Old Montague Street, Whitechapel",103439,100053,203492
"High Holborn , Covent Garden",99695,103512,203207
"Limerston Street, Chelsea",5488,197714,203202
"Belvedere Road, South Bank",46092,156929,203021
"Alfred Place, Bloomsbury",88237,114506,202743
"Lower Marsh, Waterloo",99208,102528,201736
"Queen's Gate (South), South Kensington",101271,100330,201601
"Edgware Road Station, Marylebone",107551,93779,201330
"Chelsea Bridge, Pimlico",103099,97815,200914
"Macclesfield Rd, St Lukes",111385,89226,200611
"Charlotte Street, Fitzrovia",99260,101340,200600
"Beaumont Street, Marylebone",100943,99246,200189
"Simpson Street, Clapham Junction",98594,100702,199296
"Rodney Road , Walworth",102983,95637,198620
"Saunders Ness Road, Cubitt Town",95876,102370,198246
"Clapham Common North Side, Clapham Common",94035,103673,197708
"Upper Bank Street, Canary Wharf",97456,100180,197636
"Chesilton Road, Fulham",100445,96904,197349
"Devonshire Square, Liverpool Street",97535,99772,197307
"Harcourt Terrace, West Brompton",101708,95313,197021
"Tavistock Place, Bloomsbury",103238,93534,196772
"St. Katharine's Way, Tower",98351,98189,196540
"Portman Square, Marylebone",95948,100377,196325
"Driffield Road, Old Ford",98315,96092,194407
"Caldwell Street, Stockwell",96250,98034,194284
"Lansdowne Road, Ladbroke Grove",97825,96366,194191
"Bridge Avenue, Hammersmith",95496,98492,193988
"Whiteley's, Bayswater",59478,134501,193979
"Stonecutter Street, Holborn",81740,112157,193897
"Waterloo Road, South Bank",95047,98526,193573
"Borough High Street, The Borough",97076,96359,193435
"Queen Mary's, Mile End",97177,96238,193415
"Christian Street, Whitechapel",104202,88928,193130
"Dock Street, Wapping",88890,103828,192718
"Roscoe Street, St. Luke's",95420,96935,192355
"Gunmakers Lane, Old Ford",96049,96105,192154
"Commercial Street, Shoreditch",94560,97506,192066
"Kennington Oval, Oval",95607,96390,191997
"Westbourne Grove, Bayswater",98544,93435,191979
"Kingsway Southbound, Strand",91122,100606,191728
"Knightsbridge, Hyde Park",110194,81400,191594
"Blackfriars Road, Southwark",94985,96275,191260
"St. Luke's Church, Chelsea",95091,95454,190545
"Fisherman's Walk West, Canary Wharf",91935,98458,190393
"Wandsworth Town Station, Wandsworth",92480,97862,190342
"Gloucester Avenue, Camden Town",98654,91205,189859
"Pont Street, Knightsbridge",92367,97467,189834
"Maplin Street, Mile End",50478,138857,189335
"East Village, Queen Elizabeth Olympic Park",94645,94543,189188
"Windsor Terrace, Hoxton",102470,85734,188204
"Doddington Grove, Kennington",95668,92254,187922
"Warwick Road, Olympia",94383,93396,187779
"Southwick Street, Paddington",97779,89830,187609
"Pindar Street, Liverpool Street",52186,135274,187460
"Great Dover Street, The Borough",94562,92817,187379
"Globe Town Market, Bethnal Green",96041,91085,187126
"Bow Church Station, Bow",95093,91904,186997
"Barbican Centre, Barbican",92021,94771,186792
"Ebury Bridge, Pimlico",97250,89482,186732
"Prince of Wales Drive, Battersea Park",94767,91929,186696
"Austin Road, Battersea Park",94128,92365,186493
"Black Prince Road, Vauxhall",94940,91372,186312
"St. George Street, Mayfair",85428,100203,185631
"Warwick Square, Pimlico",99147,86150,185297
"Torrens Street, Angel",95343,89787,185130
"Paddington Street, Marylebone",93395,91698,185093
"Hampton Street, Walworth",94301,90472,184773
"Grant Road East, Clapham Junction",89354,95098,184452
"Blenheim Crescent, Ladbroke Grove",92223,92037,184260
"Union Street, The Borough",92407,91610,184017
"Timber Lodge, Queen Elizabeth Olympic Park",92340,91343,183683
"Albany Street, The Regent's Park",98322,84993,183315
"World's End Place, West Chelsea",92160,91011,183171
"Farringdon Lane, Clerkenwell",90538,91736,182274
"Hartington Road, Stockwell",92218,90049,182267
"Manresa Road, Chelsea",90615,91574,182189
"Clifton Road, Maida Vale",94193,87983,182176
"Ravenscourt Park Station, Hammersmith",88652,93166,181818
"Long Lane , Bermondsey",92015,89383,181398
"Lee Valley VeloPark, Queen Elizabeth Olympic Park",91672,89634,181306
"Baker Street, Marylebone",91702,89562,181264
"Monier Road, Hackney Wick",90431,90643,181074
"Reardon Street, Wapping",92054,87736,179790
"Vereker Road, West Kensington",81563,98109,179672
"Furze Green, Bow",91030,88349,179379
"Euston Road, Euston",92108,86994,179102
"Danvers Street, West Chelsea",90252,88778,179030
"Battersea Park Road, Nine Elms",92595,86371,178966
"Hereford Road, Bayswater",94031,84834,178865
"Old Ford Road, Bethnal Green",92257,86507,178764
"Sandilands Road, Walham Green",89972,88442,178414
"Swan Street, The Borough",90298,87923,178221
"Lollard Street, Vauxhall",93920,84178,178098
"Lavington Street, Bankside",86573,89897,176470
"Greyhound Road, Hammersmith",89646,86588,176234
"St. Martin's Street, West End",83366,92530,175896
"Sardinia Street, Holborn",86137,89675,175812
"Wellington Row, Bethnal Green",91946,83394,175340
"Riverlight South, Nine Elms",89078,86161,175239
"Houndsditch, Aldgate",85273,89756,175029
"Bethnal Green Garden, Bethnal Green",87377,86851,174228
"Bury Place, Holborn",85711,88422,174133
"Finlay Street, Fulham",87974,85901,173875
"Kennington Road  , Vauxhall",90954,82081,173035
"Albert Gardens, Stepney",90034,82885,172919
"St Mary's Hospital, Westminster",1382,171400,172782
"Queen's Gate (Central), South Kensington",86392,86293,172685
"Bell Street , Marylebone",88333,84336,172669
"Ram Street, Wandsworth",85117,87490,172607
"Durant Street, Bethnal Green",91293,80814,172107
"Concert Hall Approach 2, South Bank",77888,94213,172101
"Philpot Street, Whitechapel",88907,82985,171892
"City Road, Angel",96346,75426,171772
"Speakers' Corner 1, Hyde Park",85835,85884,171719
"Allington street, Westminster",24366,147177,171543
"North Wharf Road, Paddington",89989,81343,171332
"Tyers Gate, Bermondsey",84644,86656,171300
"Lexham Gardens, Kensington",87604,83262,170866
"Cadogan Place, Knightsbridge",79972,90610,170582
"Great Percy Street, Clerkenwell",89254,80940,170194
"Albert Embankment, Vauxhall",87629,82499,170128
"Exhibition Road Museums 1, South Kensington",28696,140809,169505
"East Road, Hoxton",89366,79384,168750
"Battersea Church Road, Battersea",86438,81591,168029
"Clinton Road, Mile End",83628,83945,167573
"Bishop's Avenue, Fulham",83322,84182,167504
"St. John's Road, Clapham Junction",78474,89021,167495
"Putney Bridge Station, Fulham",83335,84138,167473
"Rainville Road, Hammersmith",84457,82966,167423
"Regency Street, Westminster",86133,81122,167255
"Concert Hall Approach 1, South Bank",80905,86043,166948
"Aintree Street, Fulham",85436,80688,166124
"Ormonde Gate, Chelsea",83002,82989,165991
"Salmon Lane, Limehouse",84634,81290,165924
"Trebovir Road, Earl's Court",84238,81680,165918
"Abingdon Green, Great College Street",4669,161190,165859
"Mile End Stadium, Mile End",84689,81024,165713
"Emperor's Gate, South Kensington",83551,82106,165657
"Great Suffolk Street, The Borough",84234,81279,165513
"Webber Street , Southwark",86116,79303,165419
"Kennington Road Post Office, Oval",83699,81288,164987
"Knaresborough Place, Earl's Court",83226,80807,164033
"Grove End Road, St. John's Wood",86856,76934,163790
"Bow Road Station, Bow",84680,78927,163607
"Percival Street, Finsbury",85957,76910,162867
"Parkway, Camden Town",76326,86317,162643
"Union Grove, Wandsworth Road",82191,79920,162111
"London Zoo,  The Regent's Park",80564,81097,161661
"Garnet Street, Shadwell",82446,77741,160187
"Foley Street, Fitzrovia",79967,79957,159924
"St. Chad's Street, King's Cross",75245,84470,159715
"Mile End Park Leisure Centre, Mile End",81783,77896,159679
"Appold Street, Liverpool Street",51593,107988,159581
"Seymour Place, Marylebone",81706,77652,159358
"Halford Road, West Kensington",79975,79165,159140
"Southwark Station 1, Southwark",75249,83844,159093
"Stratford Station, Stratford",77892,80884,158776
"George Place Mews, Marylebone",79840,78786,158626
"Claverton Street, Pimlico",84078,74242,158320
"Wandsworth Rd, Isley Court, Wandsworth Road",81620,76423,158043
"Westminster University, Marylebone",79282,78290,157572
"Bevington Road West, North Kensington",79520,78018,157538
"Prince Consort Road, Knightsbridge",75246,81983,157229
"London Zoo Car Park, The Regent's Park",79496,77519,157015
"Hortensia Road, West Brompton",79828,76946,156774
"Hibbert Street, Battersea",74429,82222,156651
"Shouldham Street, Marylebone",80727,75893,156620
"Archbishop's Park, Waterloo",75572,81042,156614
"William Morris Way, Sands End",78251,78260,156511
"Warwick Row, Westminster",57477,98615,156092
"Watney Market, Stepney",80877,74364,155241
"Royal College Street, Camden Town",83142,72036,155178
"West Cromwell Road, Earl's Court",79312,75721,155033
"New Kent Road, The Borough",76667,77868,154535
"Cephas Street, Bethnal Green",80702,73825,154527
"Alfreda Street, Battersea Park",78258,76200,154458
"Gloucester Road (Central), South Kensington",77185,76608,153793
"Borough Road, Elephant & Castle",76239,77230,153469
"Butler Place, Westminster",71507,81555,153062
"Curzon Street, Mayfair",71579,81307,152886
"The Vale, West Chelsea",22743,129856,152599
"Fashion Street, Whitechapel",75737,76676,152413
"Park Road (Baker Street), Regent's Park",5304,146746,152050
"Walnut Tree Walk, Vauxhall",80935,70909,151844
"Fore Street, Guildhall",72411,78875,151286
"Drayton Gardens, Chelsea",4808,146295,151103
"Chepstow Villas, Notting Hill",82636,68436,151072
"Worship Street, Shoreditch",42731,107988,150719
"Fulham Park Road, Fulham",76629,73985,150614
"St. Mark's Road, North Kensington",75381,75229,150610
"Scala Street, Fitzrovia",73802,76776,150578
"Shoreditch Court, Haggerston",78861,71666,150527
"Burdett Road, Mile End",75330,74989,150319
"Kennington Station, Kennington",75127,75189,150316
"Ossulston Street, Somers Town",76384,73870,150254
"Vincent Street, Pimlico",76180,73919,150099
"Richmond Way, Shepherd's Bush",74988,74483,149471
"Arlington Road, Camden Town",74516,74479,148995
"Lambeth North Station, Waterloo",74388,74411,148799
"Silverthorne Road, Battersea",75185,73433,148618
"South Park, Sands End",75711,72627,148338
"Rathbone Street, Fitzrovia",72897,75272,148169
"Allington street, Westminster, SW1E 5EB",704,147177,147881
"Finsbury Library , Finsbury",77619,70249,147868
"Drummond Street , Euston",83566,64301,147867
"Margery Street, Clerkenwell",76208,71425,147633
"Albert Square, Stockwell",76732,70528,147260
"Allington street, Off Victoria Street, Westminster",55,147177,147232
"Exhibition Road Museums, Knightsbridge",6415,140809,147224
"Maclise Road, Olympia",74419,72431,146850
"Cloudesley Road, Angel",90573,56171,146744
"Shepherd's Bush Road North, Shepherd's Bush",72722,73738,146460
"Park Street, Bankside",71847,74529,146376
"Bonner Gate, Victoria Park",73097,73016,146113
"Humbolt Road, Fulham",75185,70763,145948
"Ashley Crescent, Battersea",75114,70648,145762
"Chelsea Green, Chelsea",71925,73555,145480
"BBC White City, White City",71155,74126,145281
"Nutford Place, Marylebone",74772,70507,145279
"Ashmole Estate, Oval",74581,70485,145066
"Wapping High Street, Wapping",73144,71684,144828
"Collingham Gardens, Earl's Court",74369,69904,144273
"Gloucester Terrace, Bayswater",75319,68539,143858
"Cleveland Way, Bethnal Green",3709,140103,143812
"Hoxton Station, Hoxton",74748,69008,143756
"Lots Road, West Chelsea",73140,70558,143698
"Ampton Street , Clerkenwell",76588,67108,143696
"Newton Street, Covent Garden",69471,73971,143442
"Putney Pier, Wandsworth",67538,75903,143441
"Woodstock Street, Mayfair",71420,71978,143398
"Gaywood  Street, Elephant & Castle",72699,70607,143306
"Wells Street, Fitzrovia ",3010,140120,143130
"Sumner Place, South Kensington",70609,72275,142884
"Pembridge Villas, Notting Hill",74915,67864,142779
"Red Lion Square, Holborn",72914,69756,142670
"Wood Street, Guildhall",69314,73332,142646
"Falkirk Street, Hoxton",74305,68295,142600
"Surrey Lane, Battersea",74362,68079,142441
"Jubilee Street, Stepney",77524,64770,142294
"Park Lane, Mayfair",71816,70198,142014
"Bruton Street, Mayfair",67165,74762,141927
"Belvedere Road 2, South Bank",67787,73570,141357
"Westbourne Park Road, Portobello",72767,68228,140995
"Exhibition Road, South Kensington",137,140809,140946
Imperial Wharf Station,10495,130380,140875
"Argyll Road, Kensington",69772,71034,140806
"Rotherhithe Roundabout, Rotherhithe",20518,119722,140240
"Saltoun Road, Brixton",66238,73994,140232
"Eel Brook Common, Walham Green",71631,68284,139915
"Store Street, Bloomsbury",25133,114506,139639
"Lower Thames Street, Monument",69086,70544,139630
"Maida Vale, Maida Vale",66384,72985,139369
"Harrington Square 2, Camden Town",72659,66565,139224
"Cheshire Street, Bethnal Green",75558,63621,139179
"Westfield Ariel Way, White City",66486,72480,138966
"Lambeth Road, Vauxhall",71044,67845,138889
"Bancroft Road, Bethnal Green",72964,65731,138695
"Victoria & Albert Museum, South Kensington",65680,72818,138498
"Northdown Street, King's Cross",71053,67239,138292
"Southerton Road, Hammersmith",66980,71142,138122
"Vauxhall Walk, Vauxhall",68262,69613,137875
"Charing Cross Hospital, Hammersmith",69741,68023,137764
"Pancras Road, King's Cross",69504,68239,137743
"Sea Containers, South Bank",68013,68804,136817
"Osiers Road, Wandsworth",68786,67455,136241
"St. John's Wood Church, The Regent's Park",75217,60912,136129
"Gas Holders, Battersea Park",67777,68180,135957
"Queensway, Westminster",1274,134501,135775
"Brook Green South, Brook Green",68240,67382,135622
"Antill Road, Mile End",70642,64953,135595
"Cranmer Road, Stockwell",67628,67686,135314
"Michael Road, Walham Green",68173,67004,135177
"Queensway, Paddington",522,134501,135023
"Royal Avenue 1, Chelsea",65658,69252,134910
"Rochester Row, Westminster",64043,70744,134787
"Cardinal Place, Victoria",35416,98615,134031
"Cadogan Gardens, Sloane Square",4726,129022,133748
"The Guildhall, Guildhall",63771,69836,133607
"Wellington Road, St. John's Wood",70388,63198,133586
"Speakers' Corner 2, Hyde Park",67010,66371,133381
"West Kensington Station, West Kensington",67811,65485,133296
"Pitfield Street Central, Hoxton",74592,58573,133165
"Star Road, West Kensington",68305,64715,133020
"Theobalds Road , Holborn",5491,127270,132761
"Everington Street, Fulham",68146,64607,132753
"Thorndike Close, West Chelsea",69717,63025,132742
"Harrowby Street, Marylebone",69037,63335,132372
"Finnis Street, Bethnal Green",69060,62983,132043
"Murray Grove , Hoxton",73074,58940,132014
"King Edward Street, St Pauls",63680,68206,131886
"Bedford Way, Bloomsbury",67643,64223,131866
"Olympia Way, Olympia",68113,63707,131820
"Handyside Street, King's Cross",67939,63710,131649
"Palissy Street, Shoreditch",69531,61598,131129
"Imperial Road, Sands End",66302,64642,130944
"Breams Buildings, Holborn",65328,65488,130816
"LSBU (Borough Road), Elephant & Castle",65396,64834,130230
"Gower Place , Euston",68043,61973,130016
"Nevern Place, Earl's Court",66610,63282,129892
"Strata, Southwark",2223,127018,129241
"Cleveland Gardens, Bayswater",68571,60500,129071
"Courland Grove, Wandsworth Road",65282,63623,128905
"Vauxhall Bridge , Pimlico",65387,63344,128731
"London Fields, Hackney Central",48175,80531,128706
"Eaton Square, Belgravia",65584,62840,128424
"Millbank House, Pimlico",3799,124355,128154
"Waterloo Bridge, South Bank",62183,65742,127925
"Chancery Lane, Holborn",63450,64351,127801
"Guildhouse Street, Victoria",63566,63572,127138
"Irene Road, Parsons Green",64688,62047,126735
"Holland Park, Kensington",70668,55763,126431
"Hewison Street, Old Ford",63626,62315,125941
"Upcerne Road, West Chelsea",64272,60950,125222
"Crinan Street, King's Cross",61984,63183,125167
"Ford Road, Old Ford",63304,61824,125128
"Beryl Road, Hammersmith",63662,61453,125115
"Hermitage Court, Wapping",64609,60485,125094
"Haggerston Road, Haggerston ",2616,122476,125092
"Lincoln's Inn Fields, Holborn",60674,64277,124951
"Carnegie Street, King's Cross",70885,53893,124778
"Crabtree Lane, Fulham",63726,60910,124636
"Kensington Gore, Knightsbridge",65267,58740,124007
"Charlotte Terrace, Angel",70254,53615,123869
"South Parade, Chelsea",61602,62212,123814
"Abingdon Villas, Kensington",62188,61441,123629
"Walworth Road, Southwark",3452,119722,123174
"Whiston Road, Haggerston",66837,55986,122823
"Mostyn Grove, Bow",63402,59268,122670
"Millennium Hotel, Mayfair",59182,63482,122664
"Harper Road, The Borough",61059,61574,122633
"Pitfield Street (North),Hoxton",5156,116611,121767
"Hansard Mews, Holland Park",57850,63909,121759
"Dorothy Road, Clapham Junction",62371,59119,121490
"Ferndale Road, Brixton",51182,70143,121325
"Normand Park, Fulham",3430,117669,121099
"Westfield Southern Terrace ,Shepherd's Bush",57524,63529,121053
"Goswell Road (City Uni), Finsbury",65049,55929,120978
"Queensbridge Road, Haggerston",64847,55809,120656
"Eaton Square (South), Belgravia",59344,61058,120402
"Charlbert Street, St. John's Wood",63101,57163,120264
"Lindfield Street, Poplar",60714,59251,119965
"St. John Street, Finsbury",64760,54759,119519
"Grafton Street, Mayfair",53649,65670,119319
"Usk Road, Clapham Junction",60113,59017,119130
"Eversholt Street , Camden Town",62345,56743,119088
"Hoxton Street, Hoxton",64293,54766,119059
"Clapham Common Station, Clapham Common",50556,68204,118760
"Vereker Road North, West Kensington",20617,98109,118726
"Felsham Road, Putney",58113,60536,118649
"Vaughan Way, Wapping",14739,103828,118567
"Clifton Street, Shoreditch",57644,60898,118542
"Sail Street, Vauxhall",61488,56675,118163
"Belgrave Square, Belgravia",59720,58418,118138
"Princedale Road , Holland Park",60060,57698,117758
"Orbel Street, Battersea",60872,56406,117278
"Walworth Square, Walworth",53085,64191,117276
"Rectory Square, Stepney",61086,55597,116683
"Disraeli Road, Putney",56721,59872,116593
"Clapham Common North side, Clapham Common",12594,103673,116267
"St. John's Wood Road, St. John's Wood",68100,48077,116177
"Neville Gill Close, Wandsworth",56560,59558,116118
"Stanhope Gate, Mayfair",57364,58560,115924
"Westfield Library Corner, Shepherd's Bush",56711,59026,115737
"Longford Street, The Regent's Park",61447,54157,115604
"Grosvenor Road, Pimlico",62726,52829,115555
"Columbia Road, Weavers",5027,110427,115454
"Harford Street, Mile End",59795,55234,115029
"Wendon Street, Old Ford",58282,56566,114848
"Hardwick Street, Clerkenwell",68457,46390,114847
"Claremont Square, Angel",69963,44864,114827
"The Tennis Courts, Regent's Park",3303,111193,114496
"Gwendwr Road, West Kensington",58473,56000,114473
"Hollybush Gardens, Bethnal Green",57232,57216,114448
"Bradmead, Battersea Park",33769,80531,114300
"Blackfriars Station, St. Paul's",52374,61001,113375
"Altab Ali Park, Whitechapel",2570,110579,113149
"Sancroft Street, Vauxhall",59390,53673,113063
"Vauxhall Street, Vauxhall",55560,57435,112995
"East India DLR, Blackwall",54612,58309,112921
"Bourne Street, Belgravia",52293,60253,112546
"Kensington Olympia Station, Olympia",58350,53728,112078
"Goldsmiths Row, Haggerston",3560,108261,111821
"Central House, Whitechapel",817,110579,111396
"Southwark Street, Bankside",54694,56052,110746
"Coram Street, Bloomsbury",59712,50984,110696
"Prince Albert Road, Regent's Park",3465,107103,110568
"Lightermans Road, Millwall",54058,56327,110385
"Ackroyd Drive, Bow",57955,52394,110349
"Chrisp Street Market, Poplar",54412,54949,109361
"Worship Street, Hackney",1066,107988,109054
"Sugden Road, Clapham",56968,51974,108942
"All Saints' Road, Portobello",55269,52572,107841
"Cotton Garden Estate, Kennington",56501,51002,107503
"Aylward Street, Stepney",56499,50628,107127
"Normandy Road, Stockwell",53688,53190,106878
"Smugglers Way, Wandsworth",53106,53717,106823
"Sheepcote Lane, Battersea",54590,52122,106712
"Sidney Street, Stepney",3575,103014,106589
"Aberdeen Place, St. John's Wood",58739,47782,106521
"Devons Road, Bow",53510,52414,105924
"Clapham Common Northside, Clapham Common",1954,103673,105627
"Princes Square, Bayswater",56454,48533,104987
"Frampton Street, Paddington",57321,47630,104951
"Little Brook Green, Brook Green",50613,53922,104535
"Abyssinia Close, Clapham Junction",51073,53178,104251
"River Street , Clerkenwell",61518,42558,104076
"Houghton Street, Strand",50866,52594,103460
"Bishop's Bridge Road East, Bayswater",55937,47446,103383
"Cromer Street, Bloomsbury",53429,49877,103306
"Simpson Street, Battersea",2585,100702,103287
"Fishermans Walk West, Canary Wharf",3809,98458,102267
"Denyer Street, Knightsbridge",50351,51432,101783
"St Katharines Way, Tower",3323,98189,101512
"Blythe Road West, Shepherd's Bush",51378,50001,101379
"Stainsby Road , Poplar",51779,48991,100770
"Queen Marys, Mile End",4171,96238,100409
"Waterloo Roundabout, Waterloo",1678,98526,100204
"Buxton Street 1, Shoreditch",52897,47065,99962
"Gun Makers Lane, Old Ford",3035,96105,99140
"Clarence Walk, Stockwell",50614,48135,98749
"Farm Street, Mayfair",46822,51451,98273
"Clapham Road, Lingham Street, Stockwell",49560,48287,97847
"Edgware Road Station, Paddington",3887,93779,97666
"Kensington Town Hall, Kensington",49488,48084,97572
"Vincent Square, Westminster",48871,48457,97328
"Vicarage Gate, Kensington",52029,45085,97114
"Great Dover Street, Borough",3928,92817,96745
"Cleaver Street, Kennington",49128,47539,96667
"Belford House, Haggerston",53300,43314,96614
"Blackfriars road, Southwark",5,96275,96280
"Kings Gate House, Westminster",45983,49953,95936
"New Spring Gardens Walk, Vauxhall",42505,53339,95844
"Austin Road, Battersea",3184,92365,95549
"Hawley Crescent, Camden Town",46532,48150,94682
"Aston Street, Stepney",48510,45592,94102
"Risinghill Street, Angel",57259,36695,93954
"Manbre Road, Hammersmith",47927,45973,93900
"Cumberland Gate, Hyde Park",46785,46602,93387
"Victory Place, Walworth",47825,44722,92547
"Lisson Grove, St. John's Wood",50578,41490,92068
"Southern Grove, Bow",47727,44044,91771
"South Audley Street, Mayfair",44219,47205,91424
"Clarkson Street, Bethnal Green",48501,42837,91338
"Greycoat Street , Westminster",44912,46122,91034
"Colombo Street, Southwark",44777,46107,90884
"Marloes Road, Kensington",46738,44008,90746
"Monier Road, Newham",34,90643,90677
Monier Road,11,90643,90654
"Bethnal Green Gardens, Bethnal Green",3323,86851,90174
"Ranelagh Gardens, Fulham",45271,44526,89797
"Hibbert Street, Clapham Junction",7145,82222,89367
"Temple Gardens, Temple",44282,44124,88406
"Albany Street, Regent's Park",3242,84993,88235
"Stanley Grove, Battersea",45717,42332,88049
"Melton Street, Euston",30545,57400,87945
"Selby Street, Whitechapel",44914,42380,87294
"Ferndale Road, Brixton. ",17018,70143,87161
"Carey Street, Holborn",42636,44522,87158
"Clarendon Road, Avondale",44205,42665,86870
"Clifford Street, Mayfair",39299,47351,86650
"Euston Square Gardens, Euston",28427,57400,85827
"Elysium Place, Fulham",43584,40200,83784
"London Zoo, Regents Park",2391,81097,83488
"Oval Way, Vauxhall",15094,68204,83298
"Clarges Street, Mayfair",39339,43893,83232
"Teversham Lane, Stockwell",40791,42429,83220
"Putney Rail Station, Putney",41970,41199,83169
"Lodge Road, St. John's Wood",9426,72985,82411
"Bradmead, Nine Elms",1792,80531,82323
"New North Road 2, Hoxton",44807,37505,82312
"Calshot Street , King's Cross",44334,37367,81701
"Dickens Square, Borough",40652,41031,81683
"Plough Terrace, Clapham Junction",42826,38323,81149
"London Zoo Car Park, Regent's Park",3122,77519,80641
"Bromley High Street, Bow",40239,40377,80616
"Import Dock, Canary Wharf",29245,51279,80524
"Russell Gardens, Olympia",40719,39475,80194
"New Kent Road, Borough",2236,77868,80104
"Canton Street, Poplar",40647,39451,80098
"Halford Road, Fulham",785,79165,79950
"Spindrift Avenue, Millwall",38864,40431,79295
"Penfold Street, Marylebone",42211,36791,79002
"Grosvenor Crescent, Belgravia",40153,38821,78974
"Napier Avenue, Millwall",39474,39486,78960
"Gauden Road, Clapham",32195,46743,78938
"Montserrat Road , Putney",36741,41917,78658
"Pennington Street, Wapping",41673,36859,78532
"Heron Quays DLR, Canary Wharf",38590,39684,78274
"Culvert Road, Battersea",40031,37808,77839
"Addison Road, Holland Park",39513,38267,77780
"Sidney Road, Stockwell",39076,38223,77299
"Heath Road, Battersea",40538,36651,77189
"York Way, Kings Cross",39630,37316,76946
"Rathbone Street, Fitzrovia ",1655,75272,76927
"Walmer Road, Avondale",38533,38300,76833
"Upper Grosvenor Street, Mayfair",40272,36238,76510
"St Martins Close, Camden Town",39806,36605,76411
"Thessaly Road North, Wandsworth Road",12026,64191,76217
"Copper Box Arena, Queen Elizabeth Olympic Park",38228,37755,75983
"Kennington Lane Tesco, Vauxhall",36382,39227,75609
"Northfields, Wandsworth",38043,36928,74971
"Here East North, Queen Elizabeth Olympic Park",36979,37890,74869
"South Quay West, Canary Wharf",1724,73016,74740
"Harrington Square 1, Camden Town",40105,34553,74658
"Naval Row, Blackwall",36933,37719,74652
"Campden Hill Road, Notting Hill",41683,32886,74569
"Victoria and Albert Museum, Cromwell Road",1451,72818,74269
"Peterborough Road, Sands End",38028,35689,73717
"George Row, Bermondsey",36826,36663,73489
"Hoxton Station, Haggerston",3444,69008,72452
"Arundel Street, Temple",34954,37300,72254
"Alpha Grove, Millwall",35977,36259,72236
"Montgomery Square, Canary Wharf",20591,51279,71870
"Broadley Terrace, Marylebone",38782,32609,71391
"Killick Street, King's Cross",36861,34498,71359
"Alma Road, Wandsworth",39678,31183,70861
"Abbotsbury Road, Holland Park",36982,33829,70811
"Rossmore Road, Marylebone",38076,32632,70708
"Hurlingham Park, Parsons Green",36014,34632,70646
"Paddington Green Police Station, Paddington",31659,38508,70167
"Thurtle road, Haggerston",32479,37212,69691
"Farringdon Street, Holborn",34861,34810,69671
"Stewart's Road, Wandsworth Road",35947,33709,69656
"Merchant Street, Bow",35768,33734,69502
"Oval Way, Lambeth",870,68204,69074
"Mallory Street, Marylebone",37969,30400,68369
"St John's Crescent, Brixton",32530,35642,68172
"Broomhouse Lane, Parsons Green",34496,33273,67769
"Grant Road West, Clapham Junction",6639,61001,67640
"Putney Bridge Road, East Putney",34165,32905,67070
"Embankment (Horse Guards), Westminster",6811,60253,67064
"Queensdale Road, Shepherd's Bush",32556,33413,65969
"Hansard Mews, Shepherds Bush",1898,63909,65807
"Hammersmith Town Hall, Hammersmith",29949,35651,65600
"Grenfell Road, Avondale",32874,32483,65357
"Thessaly Road North, Nine Elms",1069,64191,65260
"Ilchester Place, Kensington",35471,29701,65172
"King Edward Walk, Waterloo",33396,31530,64926
"East Ferry Road, Cubitt Town",31991,32784,64775
"Holden Street, Battersea",33433,31266,64699
"Tower Wharf, Bermondsey",32501,32116,64617
"Lancaster Drive, Blackwall",31963,31767,63730
"Harper Road, Borough",1660,61574,63234
"St. John's Wood Church, Regent's Park",2034,60912,62946
"Rifle Place, Avondale",31163,31727,62890
"Geraldine Street, Elephant & Castle",32780,29933,62713
"Newby Place, Poplar",30645,31975,62620
"Jubilee Crescent, Cubitt Town",31771,30702,62473
"Freston Road, Avondale",30444,31467,61911
"Exhibition Road Museums 2, South Kensington",28033,33550,61583
"Orsett Terrace, Bayswater",33705,27841,61546
"Westminster Bridge Road, Elephant & Castle",31648,29336,60984
"Usk Road, Battersea",1222,59017,60239
"Stockwell Roundabout, Stockwell",13348,46743,60091
"Fore Street Avenue, Guildhall",29014,30783,59797
"Nantes Close, Wandsworth",28516,30863,59379
"Greenberry Street, St.John's Wood",34821,24548,59369
"Spencer Park, Wandsworth Common",30287,28574,58861
"Evesham Street, Avondale",29007,29790,58797
"Fawcett Close, Battersea",28138,29357,57495
"New North Road 1, Hoxton",35922,21378,57300
"Longford Street, Regent's Park",2776,54157,56933
"Cantrell Road, Bow",29687,27055,56742
"Preston's Road, Cubitt Town",28098,28218,56316
"Hampstead Road (Cartmel), Euston",26906,28872,55778
"Upper Richmond Road, Putney",27809,27651,55460
"Paddington Green, Paddington",30172,25160,55332
"Ingrave Street, Clapham Junction",27124,27654,54778
"Canada Water Station, Rotherhithe",26662,28114,54776
"The Metropolitan, Portobello",24386,30182,54568
"Kingsway, Covent Garden",27055,27102,54157
"Stebondale Street, Cubitt Town",25060,28869,53929
"Victoria Rise, Clapham Common",21063,32749,53812
"Sugden Road, Battersea",1554,51974,53528
"Gascoyne Road, Victoria Park",23348,30061,53409
"Oxford Road, Putney",25549,27279,52828
"Langdon Park, Poplar",26180,26553,52733
"Thurtle Road, Haggerston",14963,37212,52175
"Mudchute DLR, Cubitt Town",25282,26452,51734
Import Dock,142,51279,51421
"St. Mary & St. Michael Church, Stepney",27161,23402,50563
"Limburg Road, Clapham Junction",25230,25306,50536
"Sun Street, Liverpool Street",11487,38508,49995
"Wynne Road, Stockwell",24734,24983,49717
"Ladbroke Grove Central, Ladbroke Grove",30035,19400,49435
"Morie Street, Wandsworth",22956,25816,48772
"Lord's, St. John's Wood",28355,20189,48544
"Victory place, Walworth",2834,44722,47556
"Bermondsey Station, Bermondsey",23196,24162,47358
"Lansdowne Walk, Ladbroke Grove",26165,20916,47081
"Mexfield Road, East Putney",24886,22140,47026
Pop Up Dock 2,69,46602,46671
"Here East South, Queen Elizabeth Olympic Park",22477,23079,45556
"Sirdar Road, Avondale",22764,22723,45487
"Clarges Street, West End",1416,43893,45309
"Lansdowne Way Bus Garage, Stockwell",11230,32749,43979
"Millharbour, Millwall",21153,21949,43102
"Esmond Street, Putney",20461,21900,42361
"Bromley High Street, Bromley",985,40377,41362
"Spanish Road, Clapham Junction",22757,18472,41229
"Russell Gardens, Holland Park",1463,39475,40938
"Aberfeldy Street, Poplar",20302,20078,40380
"Walmer Road, Notting Hill",1422,38300,39722
"Bevington Road, North Kensington",8351,30182,38533
"Thornfield House, Poplar",4597,33550,38147
"St. John's Park, Cubitt Town",19201,18921,38122
"St Martin's Close, Camden Town",1475,36605,38080
"Bourne Street, Belgravia",18823,19081,37904
"Wansey Street, Walworth",97,37300,37397
"York Way, Camden",1,37316,37317
"Killick Street, Kings Cross",1881,34498,36379
"Castalia Square, Cubitt Town",6128,30061,36189
"Harrington Square, Camden Town",911,34553,35464
"Nantes Close, Clapham Junction",4600,30863,35463
"Santos Road, Wandsworth",18922,16241,35163
"Lansdowne Drive, Hackney Central",5994,28872,34866
"Portugal Street, Holborn",16961,17541,34502
"Stewart's Road, Nine Elms",663,33709,34372
"Coborn Street, Mile End",340,33734,34074
"Malmesbury Road, Bow",17477,15819,33296
"Fawcett Close, Clapham Junction",3512,29357,32869
"Teviot Street, Poplar",15144,15147,30291
"Lansdown Drive, Hackney Central",630,28872,29502
"London Street, Paddington",12017,16806,28823
"Upper Richmond Road, East Putney",978,27651,28629
"Ingrave Street, Battersea",635,27654,28289
"Limburg Road, Clapham Common",466,25306,25772
"Waterloo Station 3, Waterloo",12454,12956,25410
"Manfred Road, East Putney",8169,16806,24975
"St. Mary and St. Michael Church, Stepney",820,23402,24222
"Hop Exchange, The Borough",9824,13379,23203
"Hyde Park Corner, Hyde Park",11498,11582,23080
"Belgrove Street , King's Cross",11399,11643,23042
"Colet Gardens, Hammersmith",10964,11469,22433
"Wormwood Street, Liverpool Street",11054,11224,22278
"Lansdowne Walk, Notting Hill",827,20916,21743
"South Quay East, Canary Wharf",9890,10971,20861
"Waterloo Station 1, Waterloo",10258,10422,20680
"Ladbroke Grove Central, Notting Hill",896,19400,20296
"Brushfield Street, Liverpool Street",8975,10907,19882
"Duke Street Hill, London Bridge",9265,10134,19399
"St John's Park, Cubitt Town",449,18921,19370
"Spanish Road, Wandsworth",666,18472,19138
"St. James's Square, St. James's",7980,10860,18840
"Exhibition Road, Knightsbridge",8574,9748,18322
"Rodney Street, Angel",10836,6413,17249
"Soho Square , Soho",7776,9200,16976
"Bethnal Green Road, Shoreditch",8391,8430,16821
"Little Argyll Street, West End",7677,8398,16075
"Old Street Station, St. Luke's",7879,7903,15782
"Tooley Street, Bermondsey",7396,8108,15504
"Cheapside, Bank",7119,8069,15188
"Islington Green, Angel",7634,7363,14997
"Battersea Power Station, Battersea Park",7453,7465,14918
"Albert Gate, Hyde Park",7461,7374,14835
"Royal London Hospital, Whitechapel",7076,7149,14225
"Queen Street 1, Bank",5383,8743,14126
"Warren Street Station, Euston",7001,7012,14013
"Limerston Street, West Chelsea",7020,6962,13982
"Allington Street, Victoria",6914,6951,13865
"Regent's Row , Haggerston",6941,6902,13843
"Battersea Park Road, Nine Elms",6776,6801,13577
"Holborn Circus, Holborn",5766,7696,13462
"Eagle Wharf Road, Hoxton",7184,6262,13446
"Westminster Pier, Westminster",6600,6843,13443
"Fulham Broadway, Walham Green",6624,6748,13372
"Great Tower Street, Monument",6464,6904,13368
"Vauxhall Cross, Vauxhall",6598,6681,13279
"Black Lion Gate, Kensington Gardens",6575,6463,13038
"Finsbury Circus, Liverpool Street",6007,7018,13025
"London Fields, Hackney Central",6510,6459,12969
"Aquatic Centre, Queen Elizabeth Olympic Park",6335,6493,12828
"Craven Street, Strand",6297,6514,12811
"South Kensington Station, South Kensington",6274,6386,12660
"Whitehall Place, Strand",5369,7207,12576
"Crosswall, Tower",6048,6517,12565
"Baylis Road, Waterloo",6169,6277,12446
"Imperial College, Knightsbridge",5729,6708,12437
"Gloucester Road Station, South Kensington",6175,6220,12395
"Derry Street, Kensington",6168,6205,12373
"Kennington Lane Rail Bridge, Vauxhall",6101,6207,12308
"Green Park Station, Mayfair",5752,6548,12300
"Lambeth Palace Road, Waterloo",6004,6111,12115
"Waterloo Station 2, Waterloo",7061,5050,12111
"Tower Gardens , Tower",5902,6131,12033
"Shoreditch High Street, Shoreditch",5946,6030,11976
"Moor Street, Soho",5891,6057,11948
"Braham Street, Aldgate",5950,5988,11938
"Queen Street 2, Bank",6000,5825,11825
"Drury Lane, Covent Garden",5790,6032,11822
"Moorfields, Moorgate",5593,6217,11810
"Old Quebec Street, Marylebone",5851,5919,11770
"Wellington Street , Strand",5761,5976,11737
"Blythe Road, Olympia",4820,6890,11710
"Wellington Arch, Hyde Park",5709,5717,11426
"Aldersgate Street, Barbican",5640,5694,11334
"Clapham Common Station, Clapham Common",5674,5616,11290
"Finsbury Leisure Centre, St. Luke's",5756,5534,11290
"Malet Street, Bloomsbury",5541,5658,11199
"Nesham Street, Wapping",5520,5468,10988
"William IV Street, Strand",4985,5988,10973
"Strata, Elephant & Castle",5459,5508,10967
"Sloane Avenue, Knightsbridge",5371,5556,10927
"Bunhill Row, Moorgate",5164,5667,10831
"Flood Street, Chelsea",5282,5542,10824
"Maplin Street, Mile End",5450,5362,10812
"Bermondsey Street, Bermondsey",5542,5254,10796
"Pitfield Street North,Hoxton",5633,5147,10780
"Newgate Street , St. Paul's",4792,5969,10761
"Storey's Gate, Westminster",4902,5803,10705
"Ethelburga Estate, Battersea Park",5369,5317,10686
"Wardour Street, Soho",5289,5387,10676
"Gas Holders, Battersea Park",5298,5302,10600
"Sedding Street, Sloane Square",4949,5644,10593
"Blackfriars Station, St. Paul's",5218,5370,10588
"Pritchard's Road, Bethnal Green",5408,5175,10583
"Park Lane , Hyde Park",5253,5283,10536
"Kennington Cross, Kennington",5290,5027,10317
"London Street, Paddington",5482,4826,10308
"Panton Street, West End",4993,5231,10224
"Warwick Row, Westminster",4927,5206,10133
"Drayton Gardens, West Chelsea",5058,5047,10105
"Serpentine Car Park, Hyde Park",4986,4981,9967
"Eccleston Place, Victoria",4943,5018,9961
"Cleveland Way, Stepney",4994,4915,9909
"Leonard Circus , Shoreditch",4761,5135,9896
"Strand, Strand",4870,4938,9808
"Westbridge Road, Battersea",4903,4848,9751
"Dorset Square, Marylebone",4820,4798,9618
"Wells Street, Fitzrovia",4663,4862,9525
"Bayswater Road, Hyde Park",5172,4350,9522
"Eastbourne Mews, Paddington",4998,4520,9518
"Bank of England Museum, Bank",4601,4793,9394
"Queensway, Kensington Gardens",4746,4616,9362
"Good's Way, King's Cross",4674,4683,9357
"Hinde Street, Marylebone",4551,4779,9330
"Wright's Lane, Kensington",4554,4769,9323
"Falcon Road, Clapham Junction",4589,4696,9285
"Dunston Road , Haggerston",4798,4462,9260
"Boston Place, Marylebone",5044,4216,9260
"Flamborough Street, Limehouse",4650,4593,9243
"Macclesfield Rd, St Lukes",5070,4127,9197
"Leman Street, Aldgate",4575,4614,9189
"Page Street, Westminster",4445,4708,9153
"Churchill Place, Canary Wharf",2208,6890,9098
"Bramham Gardens, Earl's Court",4911,4154,9065
"Wenlock Road , Hoxton",5040,3961,9001
"Jubilee Gardens, South Bank",4179,4782,8961
"Normand Park, West Kensington",4499,4437,8936
"High Holborn , Covent Garden",4292,4636,8928
"Snowsfields, London Bridge",4216,4709,8925
"Barons Court Station, West Kensington",4467,4456,8923
"Red Lion Street, Holborn",4382,4516,8898
"Alderney Street, Pimlico",4605,4261,8866
"Monument Street, Monument",4302,4507,8809
"Notting Hill Gate Station, Notting Hill",4712,4068,8780
"Grant Road Central, Clapham Junction",2952,5801,8753
"Taviton Street, Bloomsbury",4492,4258,8750
"Endsleigh Gardens, Euston",4500,4237,8737
"LMU Commercial Road, Whitechapel",4372,4338,8710
"Liverpool Road (N1 Centre), Angel",4346,4339,8685
"Monier Road, Hackney Wick",4358,4306,8664
"Stepney Green Station, Stepney",4354,4302,8656
"Hatton Wall, Holborn",4192,4443,8635
"Clerkenwell Green, Clerkenwell",4367,4264,8631
"Tanner Street, Bermondsey",4285,4292,8577
"Tysoe Street, Clerkenwell",4321,4247,8568
"Warwick Road, Olympia",4376,4178,8554
"Howland Street, Fitzrovia",4264,4278,8542
"Riverlight North, Nine Elms",4255,4278,8533
"Bayley Street , Bloomsbury",4165,4342,8507
"Imperial Wharf Station, Sands End",4245,4223,8468
"Marylebone Lane, Marylebone",4110,4290,8400
"Tavistock Street, Covent Garden",3874,4504,8378
"Howick Place, Westminster",3882,4489,8371
"Horseferry Road, Westminster",4092,4263,8355
"Curlew Street, Shad Thames",4185,4162,8347
"Sun Street, Liverpool Street",3989,4323,8312
"Park Road (Baker Street), The Regent's Park",4199,4105,8304
"Sea Containers, South Bank",4100,4166,8266
"The Vale, Chelsea",4157,4105,8262
"Maida Vale, Maida Vale",4184,4050,8234
"Bishop's Bridge Road West, Bayswater",4217,4017,8234
"Queen Mary's, Mile End",4114,4081,8195
"Queen's Circus, Battersea Park",4082,4106,8188
"Earnshaw Street , Covent Garden",4043,4129,8172
"New Road 1 , Whitechapel",4076,4088,8164
"Dock Street, Wapping",4102,4046,8148
"Broadwick Street, Soho",3930,4188,8118
"Palace Gate, Kensington Gardens",4041,4077,8118
"Northington Street , Holborn",4073,4045,8118
"Sopwith Way, Battersea Park",4016,4099,8115
"Jubilee Plaza, Canary Wharf",3962,4135,8097
"Worship Street, Shoreditch",3724,4333,8057
"South Lambeth Road, Vauxhall",4004,4044,8048
"Guilford Street , Bloomsbury",4080,3958,8038
"Sackville Street, Mayfair",3802,4204,8006
"Berry Street, Clerkenwell",4000,3978,7978
"Golden Square, Soho",3768,4157,7925
"Porchester Place, Paddington",4080,3840,7920
"Green Street, Mayfair",3950,3966,7916
"Harcourt Terrace, West Brompton",4127,3788,7915
"Kensington Church Street, Kensington",3958,3935,7893
"Southampton Street, Strand",3909,3962,7871
"West Smithfield Rotunda, Farringdon",3881,3987,7868
"Elizabeth Bridge, Victoria",3582,4175,7757
"Devonshire Terrace, Bayswater",4093,3647,7740
"Cranmer Road, Stockwell",3851,3872,7723
"Bath Street, St. Luke's",3844,3865,7709
"Frith Street, Soho",3778,3908,7686
"Hatton Garden, Holborn",3959,3717,7676
"Lollard Street, Vauxhall",3860,3811,7671
"St Mary's Hospital, Paddington",3990,3677,7667
"Montpelier Street, Knightsbridge",3801,3866,7667
"Seville Street, Knightsbridge",3738,3912,7650
"Rampayne Street, Pimlico",3845,3735,7580
"Goldsmith's Row, Haggerston",3970,3607,7577
"Penywern Road, Earl's Court",3981,3583,7564
"Bricklayers Arms, Borough",3817,3738,7555
"Binfield Road, Stockwell",3860,3692,7552
"Phillimore Gardens, Kensington",3699,3850,7549
"Fanshaw Street, Hoxton",4045,3480,7525
"Erin Close, Walham Green",3753,3772,7525
"George Row, Bermondsey",3760,3750,7510
"Parson's Green , Parson's Green",3799,3708,7507
"Simpson Street, Clapham Junction",3739,3748,7487
"Stephendale Road, Sands End",3807,3679,7486
"Queen Mother Sports Centre, Victoria",3612,3871,7483
"Museum of London, Barbican",3717,3730,7447
"Queen's Gate (North), Kensington",3582,3858,7440
"Columbia Road, Shoreditch",3898,3536,7434
"Queen's Gate, Kensington Gardens",3696,3720,7416
"Baldwin Street, St. Luke's",3616,3790,7406
"Chapel Place, Marylebone",3579,3824,7403
"Abbey Orchard Street, Westminster",3385,4004,7389
"Granby Street, Shoreditch",3794,3591,7385
"Gauden Road, Clapham",3723,3654,7377
"Parsons Green Station, Parsons Green",3756,3610,7366
"Pall Mall East, West End",3143,4208,7351
"Russell Square Station, Bloomsbury",3645,3700,7345
"Queen's Gate (Central), South Kensington",3577,3746,7323
"Old Brompton Road, South Kensington",3820,3484,7304
"Baker Street, Marylebone",3638,3661,7299
"Brunswick Square, Bloomsbury",3660,3632,7292
"Store Street, Bloomsbury",3579,3711,7290
"Queen's Gate (South), South Kensington",3614,3663,7277
"Handyside Street, King's Cross",3615,3658,7273
"Crawford Street, Marylebone",3660,3602,7262
"Albert Bridge Road, Battersea Park",3723,3538,7261
"Somerset House, Strand",3374,3878,7252
"Great Dover Street, The Borough",3662,3576,7238
"Walworth Square, Walworth",3628,3610,7238
"Tower Wharf, Bermondsey",3613,3620,7233
"Gloucester Road (North), Kensington",3631,3599,7230
"Greenland Road, Camden Town",3625,3587,7212
"Halford Road, West Kensington",3624,3585,7209
"Westfield Ariel Way, White City",3418,3776,7194
"All Saints Church, Portobello",3652,3540,7192
"Wapping Lane, Wapping",3615,3573,7188
"Hammersmith Road, Hammersmith",3592,3592,7184
"Bonny Street, Camden Town",3677,3501,7178
"North Audley Street, Mayfair",3544,3621,7165
"Broadcasting House, Marylebone",3517,3639,7156
"Fournier Street, Whitechapel",3564,3591,7155
"Smith Square, Westminster",3447,3696,7143
"Bonner Gate, Victoria Park",3619,3508,7127
"Lancaster Gate , Bayswater",4099,3022,7121
"New Cavendish Street, Marylebone",3469,3604,7073
"Blackfriars Road, Southwark",3506,3559,7065
"Aintree Street, Fulham",3682,3365,7047
"Haggerston Road, Haggerston",3529,3479,7008
"Hampstead Road, Euston",3536,3465,7001
"Ansell House, Stepney",3595,3396,6991
"Bridge Avenue, Hammersmith",3443,3547,6990
"Ossulston Street, Somers Town",3540,3440,6980
"New Inn Yard, Shoreditch",3446,3530,6976
"Cartier Circle, Canary Wharf",75,6890,6965
"Queen Victoria Street, St. Paul's",3259,3675,6934
"Sadlers Sports Centre, Finsbury",3607,3317,6924
"Woodstock Grove, Shepherd's Bush",3399,3517,6916
"New Road  2, Whitechapel",3342,3568,6910
"York Hall, Bethnal Green",3453,3452,6905
"South Wharf Road, Paddington",3600,3305,6905
"Palace Gardens Terrace, Notting Hill",3654,3215,6869
"Theobald's Road , Holborn",3462,3381,6843
"Westferry DLR, Limehouse",3291,3538,6829
"Ferndale Road, Brixton",3363,3452,6815
"Pott Street, Bethnal Green",3449,3361,6810
"St. Luke's Church, Chelsea",3394,3394,6788
"Ashley Place, Victoria",3290,3495,6785
"Doric Way , Somers Town",3703,3071,6774
"Charing Cross Hospital, Hammersmith",3390,3356,6746
"Stamford Street, South Bank",3220,3495,6715
"Beaumont Street, Marylebone",3391,3322,6713
"Ram Street, Wandsworth",3267,3428,6695
"Greyhound Road, Hammersmith",3395,3290,6685
"Milroy Walk, South Bank",3318,3366,6684
"British Museum, Bloomsbury",3341,3339,6680
"Cadogan Gardens, Chelsea",3256,3404,6660
"Northumberland Avenue, Strand",3056,3580,6636
"Stratford Station, Stratford",3251,3352,6603
"Paddington Street, Marylebone",3295,3288,6583
"Vicarage Crescent, Battersea",3387,3195,6582
"Castlehaven Road, Camden Town",3251,3330,6581
"Gloucester Street, Pimlico",3513,3066,6579
"Upper Bank Street, Canary Wharf",3228,3350,6578
"Bankside Mix, Bankside",2968,3599,6567
"Belgrave Road, Victoria",3231,3332,6563
"St. George's Square, Pimlico",3416,3082,6498
"Waterloo Place, St. James's",3122,3365,6487
"Grant Road East, Clapham Junction",3171,3311,6482
"Ontario Street, Elephant & Castle",3223,3254,6477
"World's End Place, West Chelsea",3246,3198,6444
"Phene Street, Chelsea",3221,3213,6434
"Triangle Car Park, Hyde Park",3337,3087,6424
"Sandilands Road, Walham Green",3245,3167,6412
"Chesilton Road, Fulham",3241,3169,6410
"Bow Church Station, Bow",3212,3196,6408
"Bolsover Street, Fitzrovia",3209,3196,6405
"Grosvenor Square, Mayfair",2944,3453,6397
"Bell Lane, Liverpool Street",3165,3224,6389
"Royal Avenue 2, Chelsea",3154,3226,6380
"Tachbrook Street, Victoria",3245,3133,6378
"Birkenhead Street, King's Cross",3177,3196,6373
"St. John's Road, Clapham Junction",3079,3286,6365
"George Street, Marylebone",3060,3297,6357
"De Vere Gardens, Kensington",3442,2908,6350
"Webber Street , Southwark",3270,3075,6345
"Kingsway Southbound, Strand",2958,3384,6342
"Hibbert Street, Battersea",3179,3163,6342
"Barbican Centre, Barbican",3152,3175,6327
"Twig Folly Bridge, Mile End",3319,2996,6315
"Holy Trinity Brompton, Knightsbridge",3001,3304,6305
"Graham Street, Angel",3485,2804,6289
"Black Prince Road, Vauxhall",3166,3116,6282
"Empire Square, The Borough",3103,3149,6252
"Great Russell Street, Bloomsbury",3013,3237,6250
"Globe Town Market, Bethnal Green",3245,3003,6248
"Trebovir Road, Earl's Court",3203,3026,6229
"Shoreditch Park, Hoxton",3226,3001,6227
"Vereker Road, West Kensington",3144,3075,6219
"Bourne Street, Belgravia",3103,3101,6204
"Charles II Street, West End",2857,3345,6202
"Riverlight South, Nine Elms",3085,3113,6198
"Foley Street, Fitzrovia",3101,3090,6191
"St. Peter's Terrace, Fulham",3219,2964,6183
"Ravenscourt Park Station, Hammersmith",3005,3178,6183
"Crisp Road, Hammersmith",3015,3164,6179
"New Fetter Lane, Holborn",3179,2980,6159
"Warwick Square, Pimlico",3354,2801,6155
"Long Lane , Bermondsey",3121,3032,6153
"Turquoise Island, Notting Hill",3136,2996,6132
"Canada Water Station, Rotherhithe",2931,3191,6122
"Pont Street, Knightsbridge",2997,3100,6097
"Houndsditch, Aldgate",3016,3079,6095
"Norton Folgate, Liverpool Street",2950,3143,6093
"Hoxton Station, Hoxton",3208,2882,6090
"Manresa Road, Chelsea",3055,3027,6082
"Jewry Street, Aldgate",3016,3064,6080
"Wellington Row, Bethnal Green",3131,2944,6075
"Hereford Road, Bayswater",3178,2855,6033
"Alfreda Street, Battersea Park",3036,2995,6031
"Portland Place, Marylebone",2993,3013,6006
"Austin Road, Battersea Park",2993,3005,5998
"Ackroyd Drive, Bow",3137,2857,5994
"Walnut Tree Walk, Vauxhall",3040,2936,5976
"Finlay Street, Fulham",3051,2920,5971
"Southampton Place, Holborn",2944,3024,5968
"Hampton Street, Walworth",2990,2967,5957
"Saltoun Road, Brixton",2892,3053,5945
"Portman Square, Marylebone",2902,3039,5941
"Tate Modern, Bankside",2899,3042,5941
"Albany Street, The Regent's Park",3195,2739,5934
"Edgware Road Station, Marylebone",3232,2683,5915
"Buckingham Gate, Westminster",2803,3039,5842
"Doddington Grove, Kennington",2970,2870,5840
"St. Mary Axe, Aldgate",2903,2934,5837
"Chadwell Street, Angel",3229,2607,5836
"Hortensia Road, West Brompton",2958,2871,5829
"Battersea Church Road, Battersea",2987,2842,5829
"York Way, Kings Cross",2904,2912,5816
"Star Road, West Kensington",2963,2852,5815
"Godliman Street, St. Paul's",2688,3125,5813
"Bouverie Street, Temple",2806,3004,5810
"St. George Street, Mayfair",2584,3215,5799
"St. Bride Street, Holborn",2467,3316,5783
"Victoria Park Road, Hackney Central",2946,2811,5757
"Philpot Street, Whitechapel",2950,2805,5755
"Shepherd's Bush Road North, Shepherd's Bush",2868,2886,5754
"Normandy Road, Stockwell",2924,2826,5750
"Hartington Road, Stockwell",2893,2842,5735
"Hertford Road, De Beauvoir Town",3064,2660,5724
"Bermondsey Station, Bermondsey",2776,2945,5721
"Swan Street, The Borough",2933,2783,5716
"Humbolt Road, Fulham",2952,2763,5715
"Exhibition Road Museums 1, South Kensington",2745,2964,5709
"Fisherman's Walk West, Canary Wharf",2846,2855,5701
"Watney Street, Shadwell",2962,2736,5698
"Harriet Street, Knightsbridge",2601,3093,5694
"Ilchester Gardens, Bayswater",2992,2700,5692
"Brick Lane Market, Shoreditch",2797,2879,5676
"Caldwell Street, Stockwell",2924,2749,5673
"Regency Street, Westminster",2904,2765,5669
"Natural History Museum, South Kensington",2486,3173,5659
"Shouldham Street, Marylebone",2889,2767,5656
"Burdett Road, Mile End",2798,2856,5654
"Union Street, The Borough",2844,2804,5648
"New Kent Road, The Borough",2864,2782,5646
"Abingdon Green, Westminster",2550,3088,5638
"Imperial Road, Sands End",2927,2704,5631
"Chelsea Bridge, Pimlico",2799,2830,5629
"Old Montague Street, Whitechapel",2834,2788,5622
"Burgess Park Albany Road, Walworth",2798,2824,5622
"Cartwright Gardens , Bloomsbury",2981,2630,5611
"Finsbury Square , Moorgate",2573,3034,5607
"Albert Square, Stockwell",2866,2723,5589
"Belvedere Road 1, South Bank",2631,2941,5572
"Gower Place , Euston",2793,2778,5571
"Gloucester Road (Central), South Kensington",2794,2771,5565
"BBC White City, White City",2782,2777,5559
"Butler Place, Westminster",2636,2918,5554
"Collingham Gardens, Earl's Court",2882,2645,5527
"Tyers Gate, Bermondsey",2750,2760,5510
"Cadogan Place, Knightsbridge",2484,3008,5492
"Ormonde Gate, Chelsea",2681,2808,5489
"Southwark Station 1, Southwark",2622,2865,5487
"East Village, Queen Elizabeth Olympic Park",2736,2749,5485
"Vauxhall Street, Vauxhall",2720,2747,5467
"Lansdowne Road, Ladbroke Grove",2774,2690,5464
"Lower Marsh, Waterloo",2694,2766,5460
"Golden Lane, Barbican",2753,2698,5451
"Westbourne Grove, Bayswater",2810,2632,5442
"Furze Green, Bow",2757,2676,5433
"Murray Grove , Hoxton",3056,2372,5428
"Kennington Station, Kennington",2727,2696,5423
"Devonshire Square, Liverpool Street",2632,2780,5412
"Harrington Square 1, Camden Town",2833,2571,5404
"Lavington Street, Bankside",2639,2761,5400
"Hewison Street, Old Ford",2758,2640,5398
"Southwick Street, Paddington",2959,2428,5387
"Shadwell Station, Shadwell",2753,2604,5357
"Tallis Street, Temple",2632,2714,5346
"Lincoln's Inn Fields, Holborn",2476,2867,5343
"Charlotte Street, Fitzrovia",2648,2693,5341
"Driffield Road, Old Ford",2775,2548,5323
"Bevington Road West, North Kensington",2656,2648,5304
"Sutton Street, Shadwell",2748,2555,5303
"Mile End Park Leisure Centre, Mile End",2753,2543,5296
"Roscoe Street, St. Luke's",2668,2622,5290
"Prince of Wales Drive, Battersea Park",2712,2576,5288
"Sardinia Street, Holborn",2546,2731,5277
"Tavistock Place, Bloomsbury",2764,2504,5268
"Exhibition Road Museums 2, South Kensington",2543,2723,5266
"Lexham Gardens, Kensington",2733,2533,5266
"Scala Street, Fitzrovia",2637,2628,5265
"Reardon Street, Wapping",2701,2563,5264
"Pitfield Street Central, Hoxton",3016,2222,5238
"Southerton Road, Hammersmith",2479,2744,5223
"Gloucester Terrace, Bayswater",2799,2414,5213
"Bury Place, Holborn",2544,2664,5208
"North Wharf Road, Paddington",2745,2457,5202
"Millbank Tower, Pimlico",2552,2636,5188
"Westferry Circus, Canary Wharf",2287,2893,5180
"Eel Brook Common, Walham Green",2626,2537,5163
"Richmond Way, Shepherd's Bush",2586,2576,5162
"Knaresborough Place, Earl's Court",2684,2477,5161
"Dorothy Road, Clapham Junction",2610,2513,5123
"Great Titchfield Street, Fitzrovia",2561,2553,5114
"Borough Road, Elephant & Castle",2543,2570,5113
"Wren Street, Holborn",2594,2517,5111
"Import Dock, Canary Wharf",2523,2579,5102
"Fire Brigade Pier, Vauxhall",2674,2419,5093
"Durant Street, Bethnal Green",2673,2419,5092
"Sugden Road, Clapham",2583,2495,5078
"Curzon Street, Mayfair",2287,2766,5053
"Emperor's Gate, South Kensington",2537,2511,5048
"Kennington Road Post Office, Oval",2490,2508,4998
"Kennington Road  , Vauxhall",2558,2426,4984
"Wandsworth Town Station, Wandsworth",2428,2547,4975
"Seymour Place, Marylebone",2507,2449,4956
"Vincent Street, Pimlico",2589,2353,4942
"Kensington Gore, Knightsbridge",2453,2476,4929
"Clinton Road, Mile End",2474,2451,4925
"Bell Street , Marylebone",2535,2389,4924
"Cadogan Close, Victoria Park",2471,2448,4919
"Snow Hill, Farringdon",2454,2460,4914
"Beryl Road, Hammersmith",2472,2440,4912
"Euston Road, Euston",2505,2407,4912
"Fashion Street, Whitechapel",2418,2484,4902
"Ford Road, Old Ford",2501,2400,4901
"Salmon Lane, Limehouse",2502,2392,4894
"Gascoyne Road, Victoria Park",2470,2421,4891
"Farringdon Street, Holborn",2430,2452,4882
"Windsor Terrace, Hoxton",2689,2192,4881
"Prince Albert Road, The Regent's Park",2509,2363,4872
"Putney Pier, Wandsworth",2394,2475,4869
"Wellington Road, St. John's Wood",2572,2293,4865
"City Road, Angel",2765,2100,4865
"Albert Embankment, Vauxhall",2426,2436,4862
"Bow Road Station, Bow",2514,2346,4860
"Lindfield Street, Poplar",2496,2359,4855
"Palissy Street, Shoreditch",2537,2298,4835
"Rathbone Street, Fitzrovia",2422,2413,4835
"Christopher Street, Liverpool Street",2220,2612,4832
"East Road, Hoxton",2605,2225,4830
"Sumner Place, South Kensington",2401,2429,4830
"Coram Street, Bloomsbury",2502,2314,4816
"Farringdon Lane, Clerkenwell",2418,2382,4800
"Lambeth Road, Vauxhall",2403,2394,4797
"Breams Buildings, Holborn",2359,2430,4789
"Waterloo Road, South Bank",2370,2418,4788
"Concert Hall Approach 2, South Bank",2330,2458,4788
"West Cromwell Road, Earl's Court",2496,2278,4774
"Prince Consort Road, Knightsbridge",2222,2541,4763
"Lambeth North Station, Waterloo",2334,2426,4760
"Whiston Road, Haggerston",2633,2125,4758
"Southwark Station 2, Southwark",2399,2356,4755
"Usk Road, Clapham Junction",2415,2339,4754
"Harrowby Street, Marylebone",2472,2279,4751
"Hermitage Court, Wapping",2433,2307,4740
"St. Katharine's Way, Tower",2385,2352,4737
"George Place Mews, Marylebone",2341,2383,4724
"Gaywood  Street, Elephant & Castle",2393,2326,4719
"Borough High Street, The Borough",2348,2363,4711
"Royal College Street, Camden Town",2458,2251,4709
"Claverton Street, Pimlico",2433,2272,4705
"Fulham Park Road, Fulham",2386,2311,4697
"Great Suffolk Street, The Borough",2393,2299,4692
"Ebury Bridge, Pimlico",2433,2253,4686
"Harper Road, The Borough",2359,2326,4685
"Danvers Street, West Chelsea",2385,2293,4678
"Aberdeen Place, St. John's Wood",2504,2170,4674
"Albert Gardens, Stepney",2444,2226,4670
"Rodney Road , Walworth",2432,2232,4664
"Clapham Common North Side, Clapham Common",2493,2144,4637
"Courland Grove, Wandsworth Road",2301,2335,4636
"Bancroft Road, Bethnal Green",2439,2193,4632
"Osiers Road, Wandsworth",2347,2283,4630
"Percival Street, Finsbury",2457,2169,4626
"Finsbury Library , Finsbury",2396,2221,4617
"South Parade, Chelsea",2308,2305,4613
"Lansdowne Drive, Hackney Central",2331,2280,4611
"Fore Street Avenue, Guildhall",2118,2491,4609
"Commercial Street, Shoreditch",2290,2312,4602
"Ada Street, Hackney Central",2279,2315,4594
"Falkirk Street, Hoxton",2417,2172,4589
"Gloucester Avenue, Camden Town",2340,2219,4559
"Brook Green South, Brook Green",2287,2270,4557
"Silverthorne Road, Battersea",2313,2241,4554
"St. John's Wood Road, St. John's Wood",2497,2057,4554
"Gunmakers Lane, Old Ford",2359,2180,4539
"Union Grove, Wandsworth Road",2288,2247,4535
"Embankment (Savoy), Strand",2247,2278,4525
"Nutford Place, Marylebone",2345,2171,4516
"Goswell Road (City Uni), Finsbury",2476,2035,4511
"Upcerne Road, West Chelsea",2311,2189,4500
"Cephas Street, Bethnal Green",2347,2150,4497
"Eversholt Street , Camden Town",2302,2191,4493
"Cheshire Street, Bethnal Green",2342,2122,4464
"Mile End Stadium, Mile End",2289,2174,4463
"Shoreditch Court, Haggerston",2219,2236,4455
"Warwick Avenue Station, Maida Vale",2293,2160,4453
"Surrey Lane, Battersea",2310,2141,4451
"Houghton Street, Strand",2177,2267,4444
"Watney Market, Stepney",2260,2175,4435
"William Morris Way, Sands End",2227,2206,4433
"West Kensington Station, West Kensington",2285,2143,4428
"Ashley Crescent, Battersea",2263,2160,4423
"Woodstock Street, Mayfair",2180,2240,4420
"Blenheim Crescent, Ladbroke Grove",2242,2176,4418
"Kensington Olympia Station, Olympia",2326,2077,4403
"Crabtree Lane, Fulham",2209,2188,4397
"Bishop's Avenue, Fulham",2227,2158,4385
"Belgrave Square, Belgravia",2182,2181,4363
"Gwendwr Road, West Kensington",2209,2144,4353
"Hansard Mews, Holland Park",2135,2218,4353
"Parkway, Camden Town",2130,2221,4351
"Chepstow Villas, Notting Hill",2378,1964,4342
"St. Chad's Street, King's Cross",2135,2204,4339
"St. John's Wood Church, The Regent's Park",2608,1725,4333
"Belvedere Road 2, South Bank",2090,2229,4319
"Orbel Street, Battersea",2181,2137,4318
"Victoria & Albert Museum, South Kensington",1869,2449,4318
"Everington Street, Fulham",2156,2159,4315
"Bruton Street, Mayfair",2113,2169,4282
"Bethnal Green Garden, Bethnal Green",2181,2085,4266
"Blythe Road West, Shepherd's Bush",2156,2107,4263
"Kennington Oval, Oval",2156,2084,4240
"Aston Street, Stepney",2201,2002,4203
"Great Percy Street, Clerkenwell",2274,1923,4197
"Westminster University, Marylebone",2086,2100,4186
"Concert Hall Approach 1, South Bank",2077,2099,4176
"The Metropolitan, Portobello",2136,2038,4174
"Frampton Street, Paddington",2203,1970,4173
"Chancery Lane, Holborn",2057,2104,4161
"Temple Gardens, Temple",2034,2108,4142
"Fore Street, Guildhall",1853,2283,4136
"Guildhouse Street, Victoria",2079,2050,4129
"Kings Gate House, Westminster",2015,2109,4124
"Wood Street, Guildhall",1923,2195,4118
"Jubilee Street, Stepney",2211,1899,4110
"Sheepcote Lane, Battersea",2041,2061,4102
"The Tennis Courts, The Regent's Park",2043,2032,4075
"Nevern Place, Earl's Court",2174,1899,4073
"Bedford Way, Bloomsbury",2046,2016,4062
"Pembridge Villas, Notting Hill",2144,1903,4047
"Ashmole Estate, Oval",2067,1973,4040
"Charlbert Street, St. John's Wood",2176,1859,4035
"Grafton Street, Mayfair",1732,2293,4025
"Rochester Row, Westminster",1930,2087,4017
"Lots Road, West Chelsea",2049,1957,4006
"Carnegie Street, King's Cross",2251,1746,3997
"Charlotte Terrace, Angel",2261,1691,3952
"Newton Street, Covent Garden",1888,2050,3938
"Archbishop's Park, Waterloo",1932,1998,3930
"St. Martin's Street, West End",1818,2093,3911
"Royal Avenue 1, Chelsea",1930,1977,3907
"Margery Street, Clerkenwell",2045,1859,3904
"Rotherhithe Roundabout, Rotherhithe",1938,1964,3902
"Little Brook Green, Brook Green",1889,2011,3900
"Hollybush Gardens, Bethnal Green",1982,1912,3894
"Ampton Street , Clerkenwell",2096,1794,3890
"Cloudesley Road, Angel",2537,1350,3887
"Sidney Road, Stockwell",1944,1913,3857
"Garnet Street, Shadwell",1987,1867,3854
"Cleveland Gardens, Bayswater",2129,1713,3842
"Disraeli Road, Putney",1897,1942,3839
"Abingdon Villas, Kensington",1958,1877,3835
"Rectory Square, Stepney",1988,1839,3827
"Cotton Garden Estate, Kennington",1962,1860,3822
"Grove End Road, St. John's Wood",2067,1753,3820
"Antill Road, Mile End",2045,1754,3799
"Putney Bridge Station, Fulham",1886,1897,3783
"Selby Street, Whitechapel",1895,1879,3774
"Queensbridge Road, Haggerston",2069,1696,3765
"Argyll Road, Kensington",1894,1867,3761
"Thorndike Close, West Chelsea",1978,1782,3760
"Wendon Street, Old Ford",1914,1837,3751
"South Park, Sands End",1977,1768,3745
"Clifton Street, Shoreditch",1851,1890,3741
"King Edward Street, St Pauls",1803,1931,3734
"Cromer Street, Bloomsbury",1880,1847,3727
"Eaton Square, Belgravia",1853,1871,3724
"Copper Box Arena, Queen Elizabeth Olympic Park",1856,1863,3719
"Finnis Street, Bethnal Green",1952,1767,3719
"Torrens Street, Angel",1894,1818,3712
"Millennium Hotel, Mayfair",1790,1921,3711
"Poured Lines, Bankside",1800,1900,3700
"Wandsworth Rd, Isley Court, Wandsworth Road",1906,1791,3697
"Old Ford Road, Bethnal Green",1962,1718,3680
"Saunders Ness Road, Cubitt Town",1725,1953,3678
"The Guildhall, Guildhall",1705,1957,3662
"Arlington Road, Camden Town",1861,1790,3651
"Princedale Road , Holland Park",1816,1831,3647
"Irene Road, Parsons Green",1874,1763,3637
"Blythe Road, Olympia",1826,1801,3627
"Clarges Street, Mayfair",1662,1915,3577
"Park Lane, Mayfair",1787,1789,3576
"Chrisp Street Market, Poplar",1786,1786,3572
"New Globe Walk, Bankside",1738,1823,3561
"St. Mark's Road, North Kensington",1781,1766,3547
"Devons Road, Bow",1750,1797,3547
"Sail Street, Vauxhall",1811,1732,3543
"Stonecutter Street, Holborn",1577,1948,3525
"LSBU (Borough Road), Elephant & Castle",1718,1806,3524
"Stainsby Road , Poplar",1787,1730,3517
"Central House, Aldgate",1737,1776,3513
"Bromley High Street, Bow",1772,1734,3506
"Cleaver Street, Kennington",1772,1725,3497
"St. John Street, Finsbury",1886,1592,3478
"Victoria Rise, Clapham Common",1796,1650,3446
"Manbre Road, Hammersmith",1747,1698,3445
"Brandon Street, Walworth",1722,1717,3439
"Southwark Street, Bankside",1666,1754,3420
"Farm Street, Mayfair",1617,1797,3414
"Claremont Square, Angel",2011,1402,3413
"Harford Street, Mile End",1765,1644,3409
"Northdown Street, King's Cross",1735,1674,3409
"Felsham Road, Putney",1693,1705,3398
"Grosvenor Road, Pimlico",1744,1637,3381
"Clifton Road, Maida Vale",1758,1616,3374
"Vauxhall Walk, Vauxhall",1662,1688,3350
"Timber Lodge, Queen Elizabeth Olympic Park",1678,1669,3347
"River Street , Clerkenwell",1973,1363,3336
"Portugal Street, Holborn",1635,1696,3331
"Coomer Place, West Kensington_OLD",1675,1646,3321
"Stanhope Gate, Mayfair",1617,1681,3298
"Denyer Street, Knightsbridge",1570,1708,3278
"Wapping High Street, Wapping",1669,1600,3269
"Pancras Road, King's Cross",1631,1637,3268
"Euston Square Gardens, Euston",1633,1630,3263
"Drummond Street , Euston",1907,1346,3253
"Park Street, Bankside",1568,1678,3246
"Elysium Place, Fulham",1663,1571,3234
"Kensington Town Hall, Kensington",1644,1588,3232
"Westfield Southern Terrace ,Shepherd's Bush",1482,1729,3211
"Red Lion Square, Holborn",1677,1524,3201
"Mostyn Grove, Bow",1718,1478,3196
"Abyssinia Close, Clapham Junction",1583,1599,3182
"Waterloo Bridge, South Bank",1581,1594,3175
"Neville Gill Close, Wandsworth",1478,1665,3143
"Eaton Square (South), Belgravia",1517,1602,3119
"New Spring Gardens Walk, Vauxhall",1222,1877,3099
"Marloes Road, Kensington",1605,1491,3096
"Thurtle Road, Haggerston",1801,1287,3088
"Pennington Street, Wapping",1608,1479,3087
"Rainville Road, Hammersmith",1498,1573,3071
"Sancroft Street, Vauxhall",1570,1498,3068
"Victory Place, Walworth",1629,1426,3055
"South Audley Street, Mayfair",1489,1565,3054
"Broadley Terrace, Marylebone",1656,1389,3045
"Stanley Grove, Battersea",1582,1458,3040
"Vicarage Gate, Kensington",1651,1369,3020
"Princes Square, Bayswater",1723,1281,3004
"Clifford Street, Mayfair",1375,1603,2978
"Smugglers Way, Wandsworth",1488,1486,2974
"Longford Street, The Regent's Park",1671,1284,2955
"All Saints' Road, Portobello",1519,1421,2940
"Knightsbridge, Hyde Park",1713,1227,2940
"Merchant Street, Bow",1517,1414,2931
"Hardwick Street, Clerkenwell",1765,1162,2927
"Aylward Street, Stepney",1508,1394,2902
"Dickens Square, Borough",1386,1503,2889
"Plough Terrace, Clapham Junction",1494,1393,2887
"Vauxhall Bridge , Pimlico",1400,1408,2808
"Pindar Street, Liverpool Street",1265,1538,2803
"Canton Street, Poplar",1414,1381,2795
"Calshot Street , King's Cross",1495,1275,2770
"East India DLR, Blackwall",1315,1452,2767
"Lee Valley VeloPark, Queen Elizabeth Olympic Park",1365,1396,2761
"Culvert Road, Battersea",1372,1378,2750
"Carey Street, Holborn",1335,1405,2740
"Lightermans Road, Millwall",1367,1359,2726
"Vincent Square, Westminster",1371,1354,2725
"Grenfell Road, Avondale",1361,1322,2683
"Stewart's Road, Wandsworth Road",1403,1267,2670
"Crinan Street, King's Cross",1314,1341,2655
"Lower Thames Street, Monument",1303,1329,2632
"Ranelagh Gardens, Fulham",1288,1327,2615
"Bishop's Bridge Road East, Bayswater",1432,1182,2614
"Hoxton Street, Hoxton",1379,1219,2598
"Mallory Street, Marylebone",1448,1135,2583
"Greycoat Street , Westminster",1278,1304,2582
"London Zoo Car Park, The Regent's Park",1310,1205,2515
"London Zoo,  The Regent's Park",1315,1193,2508
"Walmer Road, Avondale",1281,1227,2508
"Teversham Lane, Stockwell",1170,1337,2507
"Southern Grove, Bow",1324,1172,2496
"Addison Road, Holland Park",1235,1237,2472
"New North Road 2, Hoxton",1353,1109,2462
"Kingsway, Covent Garden",1212,1246,2458
"Westfield Eastern Access Road, Shepherd's Bush",764,1677,2441
"Russell Gardens, Olympia",1265,1168,2433
"Westbourne Park Road, Portobello",1284,1132,2416
"Clapham Road, Lingham Street, Stockwell",1211,1185,2396
"Wynne Road, Stockwell",1210,1160,2370
"Buxton Street 1, Shoreditch",1206,1161,2367
"Jubilee Crescent, Cubitt Town",1161,1178,2339
"Upper Richmond Road, Putney",1163,1157,2320
"Freston Road, Avondale",1148,1166,2314
"Penfold Street, Marylebone",1226,1075,2301
"Killick Street, King's Cross",1181,1102,2283
"Peterborough Road, Sands End",1175,1108,2283
"Clarendon Road, Avondale",1160,1122,2282
"Campden Hill Road, Notting Hill",1306,973,2279
"Broomhouse Lane, Parsons Green",1137,1131,2268
"Alma Road, Wandsworth",1196,1040,2236
"Clarkson Street, Bethnal Green",1160,1038,2198
"Hawley Crescent, Camden Town",1133,1059,2192
"Holden Street, Battersea",1118,1073,2191
"Heath Road, Battersea",1165,1007,2172
"Orsett Terrace, Bayswater",1209,949,2158
"Lisson Grove, St. John's Wood",1207,951,2158
"Naval Row, Blackwall",1054,1098,2152
"Clarence Walk, Stockwell",1155,996,2151
"St John's Crescent, Brixton",1006,1140,2146
"Fawcett Close, Battersea",1061,1040,2101
"Limburg Road, Clapham Junction",1046,1047,2093
"Hurlingham Park, Parsons Green",1060,1016,2076
"Abbotsbury Road, Holland Park",1096,973,2069
"Risinghill Street, Angel",1130,935,2065
"Ingrave Street, Clapham Junction",1006,1050,2056
"Cantrell Road, Bow",1072,980,2052
"Heron Quays DLR, Canary Wharf",978,1056,2034
"Putney Rail Station, Putney",1009,1004,2013
"St Martins Close, Camden Town",1072,925,1997
"Queensdale Road, Shepherd's Bush",962,1022,1984
"Holland Park, Kensington",1187,778,1965
"Clements Road, Bermondsey",977,987,1964
"King Edward Walk, Waterloo",991,971,1962
"Nantes Close, Wandsworth",992,955,1947
"Podium, Queen Elizabeth Olympic Park",961,976,1937
"Montserrat Road , Putney",852,1080,1932
"Greenberry Street, St.John's Wood",1157,772,1929
"Belford House, Haggerston",973,950,1923
"Geraldine Street, Elephant & Castle",965,938,1903
"Alpha Grove, Millwall",940,955,1895
"Paddington Green, Paddington",1012,775,1787
"Spindrift Avenue, Millwall",860,921,1781
"Morie Street, Wandsworth",853,915,1768
"Ilchester Place, Kensington",932,791,1723
"Preston's Road, Cubitt Town",846,866,1712
"Putney Bridge Road, East Putney",863,826,1689
"Burgess Park Albany Road, Walworth",831,850,1681
"Rifle Place, Avondale",828,840,1668
"Evesham Street, Avondale",802,837,1639
"Aberfeldy Street, Poplar",794,788,1582
"Northfields, Wandsworth",793,775,1568
"Here East North, Queen Elizabeth Olympic Park",763,793,1556
"Ladbroke Grove Central, Ladbroke Grove",950,589,1539
"Spencer Park, Wandsworth Common",781,746,1527
"Lancaster Drive, Blackwall",763,758,1521
"St. Mary & St. Michael Church, Stepney",827,689,1516
"Coomer Place, West Kensington",762,744,1506
"Napier Avenue, Millwall",744,759,1503
"Newby Place, Poplar",713,747,1460
"St. John's Park, Cubitt Town",713,735,1448
"Mexfield Road, East Putney",751,696,1447
"New North Road 1, Hoxton",953,471,1424
"East Ferry Road, Cubitt Town",706,711,1417
"Westminster Bridge Road, Elephant & Castle",694,655,1349
"Harris Academy, Bermondsey",656,666,1322
"South Bermondsey Station, Bermondsey",608,665,1273
"Esmond Street, Putney",633,625,1258
"Lansdowne Walk, Ladbroke Grove",674,550,1224
"Santos Road, Wandsworth",643,580,1223
"Oxford Road, Putney",587,628,1215
"Grosvenor Crescent, Belgravia",576,615,1191
"Sirdar Road, Avondale",601,568,1169
"Chicheley Street, South Bank",555,589,1144
"Spanish Road, Clapham Junction",631,470,1101
"South Quay East, Canary Wharf",514,585,1099
Mechanical Workshop Penton,388,688,1076
"Colet Gardens, Hammersmith",509,545,1054
"Langdon Park, Poplar",510,525,1035
"The Blue, Bermondsey",483,508,991
"Upper Grosvenor Street, Mayfair",500,483,983
"Malmesbury Road, Bow",519,396,915
"Stebondale Street, Cubitt Town",392,522,914
"Mudchute DLR, Cubitt Town",432,453,885
"Teviot Street, Poplar",410,418,828
"Millharbour, Millwall",378,365,743
"Here East South, Queen Elizabeth Olympic Park",362,348,710
"Brandon Street, Walworth",276,280,556
"Arundel Street, Temple",225,227,452
"Crimscott Street, Bermondsey",139,133,272
Pop Up Dock 1,126,111,237
"Contact Centre, Southbury House",60,60,120
Pop Up Dock 2,1,111,112
"Michael Road, Walham Green",30,35,65
LSP2,7,5,12
PENTON STREET COMMS TEST TERMINAL _ CONTACT MATT McNULTY,1,11,12
LSP1,2,7,9
One London,4,4,8
"Hammersmith Town Hall, Hammersmith",1,1,2